0 0.216146 0.473148 0.076042 0.153704
0 0.257292 0.446296 0.222917 0.207407
0 0.504687 0.457407 0.230208 0.185185
0 0.871354 0.096296 0.084375 0.192592
0 0.750000 0.148148 0.056250 0.225926
0 0.650000 0.140741 0.060417 0.211111
0 0.698958 0.437037 0.158333 0.225926
0 0.290625 0.645833 0.014583 0.054630
0 0.323958 0.641204 0.016667 0.060185
0 0.308333 0.649074 0.012500 0.057407
0 0.449479 0.913889 0.096875 0.172222
0 0.328125 0.916667 0.052083 0.166666
0 0.215104 0.924074 0.055208 0.151852
0 0.097135 0.908333 0.075521 0.161111
0 0.780208 0.586111 0.100000 0.072222