0 0.034375 0.350926 0.068750 0.316667
0 0.640104 0.366204 0.036458 0.143519
0 0.167187 0.914815 0.123958 0.170370
0 0.261979 0.952778 0.069792 0.094444
0 0.865104 0.611111 0.096875 0.185185
0 0.744792 0.612037 0.052083 0.175926
0 0.630729 0.625463 0.055208 0.169444
0 0.512760 0.599074 0.075521 0.161111
0 0.463802 0.766204 0.092188 0.169444
0 0.615885 0.797222 0.044271 0.179630
0 0.758854 0.788426 0.073958 0.228704
0 0.910417 0.769907 0.085417 0.239815
0 0.788021 0.930556 0.094792 0.138888
0 0.569271 0.934259 0.101042 0.131481
0 0.406250 0.954630 0.072917 0.090740