0 0.243490 0.071296 0.070313 0.105556
0 0.386979 0.339352 0.067708 0.093519
0 0.159896 0.046296 0.042708 0.092592
0 0.053385 0.075463 0.033854 0.091667
0 0.291146 0.363889 0.063542 0.231481
0 0.423438 0.116204 0.030208 0.102778
0 0.519271 0.194907 0.015625 0.067593
0 0.158073 0.193519 0.059896 0.053704
0 0.241667 0.572222 0.125000 0.185185
0 0.128125 0.617593 0.104167 0.275926
0 0.327344 0.700000 0.119271 0.277778
0 0.234635 0.784722 0.106771 0.254630
0 0.147917 0.837963 0.206250 0.324074
0 0.899219 0.692130 0.046354 0.062037