0 0.011458 0.142593 0.022916 0.081481
0 0.080729 0.295370 0.038542 0.142593
0 0.095052 0.262037 0.063021 0.205556
0 0.679167 0.467130 0.029167 0.126852
0 0.484375 0.520370 0.054167 0.037037
0 0.277865 0.807870 0.016146 0.041667
0 0.202865 0.831944 0.018229 0.041667
0 0.179167 0.814815 0.020833 0.029630
0 0.151562 0.785648 0.009375 0.030556
0 0.122396 0.728241 0.011458 0.030556
0 0.027865 0.812963 0.014063 0.033333
0 0.270573 0.730556 0.009896 0.027778
0 0.330729 0.752315 0.015625 0.034259
0 0.342448 0.762963 0.018229 0.033333
0 0.342187 0.974074 0.017708 0.051852
0 0.385156 0.912500 0.014063 0.043519
0 0.885677 0.697685 0.096354 0.262037