0 0.355990 0.097222 0.041146 0.112963
0 0.296354 0.027778 0.080208 0.055556
0 0.535937 0.104630 0.086458 0.142593
0 0.443490 0.108333 0.053646 0.116667
0 0.480208 0.105556 0.045833 0.151852
0 0.543750 0.050926 0.066667 0.101852
0 0.512500 0.190741 0.070833 0.181481
0 0.921354 0.448148 0.157292 0.181481
0 0.740104 0.444444 0.211458 0.188889
0 0.641667 0.288889 0.125000 0.455556
0 0.450000 0.764815 0.258333 0.451852
0 0.927083 0.783796 0.043750 0.097222
0 0.888802 0.708333 0.038021 0.105556
0 0.944531 0.695833 0.020313 0.080556