0 0.155990 0.053704 0.018229 0.070370
0 0.250781 0.198148 0.099479 0.370370
0 0.115104 0.231481 0.098958 0.437037
0 0.808073 0.176852 0.064062 0.161111
0 0.848958 0.185185 0.072917 0.137037
0 0.915625 0.182870 0.058333 0.150926
0 0.225781 0.610185 0.070313 0.105556
0 0.369271 0.878241 0.067708 0.093519
0 0.143229 0.582870 0.042708 0.099074
0 0.035677 0.614352 0.033854 0.091667
0 0.273438 0.893519 0.063542 0.212962
0 0.405729 0.655093 0.030208 0.102778
0 0.140365 0.732407 0.059896 0.053704
0 0.565104 0.865741 0.198958 0.268518