0 0.203906 0.280093 0.105729 0.123148
0 0.261719 0.175000 0.042188 0.038889
0 0.304688 0.241204 0.073958 0.267593
0 0.068229 0.236111 0.136458 0.287037
0 0.668229 0.206481 0.382292 0.346296
0 0.925521 0.202778 0.148958 0.353704
0 0.118229 0.751852 0.028125 0.096296
0 0.189323 0.713889 0.016146 0.075926
0 0.408073 0.650926 0.047396 0.120370
0 0.389323 0.708333 0.051562 0.124074
0 0.351042 0.950926 0.154167 0.098148
0 0.763281 0.632407 0.014063 0.053704
0 0.620313 0.707407 0.021875 0.074074
0 0.635417 0.770833 0.075000 0.119444
0 0.561458 0.775000 0.204167 0.450000