0 0.443490 0.081481 0.009896 0.037037
0 0.413802 0.056481 0.021354 0.087037
0 0.492969 0.095833 0.029687 0.021296
0 0.451042 0.137963 0.050000 0.042593
0 0.338542 0.272685 0.143750 0.219444
0 0.316146 0.358333 0.128125 0.120370
0 0.803646 0.335185 0.363542 0.166667
0 0.268750 0.487037 0.068750 0.137037
0 0.154688 0.475000 0.113542 0.112963
0 0.043229 0.580556 0.086458 0.198148
0 0.114583 0.764815 0.093750 0.148148
0 0.035417 0.950926 0.070833 0.098148
0 0.454167 0.911111 0.133333 0.177778
0 0.692708 0.693519 0.025000 0.079630