0 0.305990 0.152778 0.043229 0.087037
0 0.287240 0.293056 0.024479 0.104630
0 0.692187 0.299074 0.223958 0.201852
0 0.730469 0.033333 0.046354 0.055556
0 0.972396 0.279630 0.055208 0.240741
0 0.847917 0.289815 0.139583 0.220370
0 0.138542 0.591204 0.052083 0.089815
0 0.504948 0.689352 0.030729 0.078704
0 0.644010 0.831481 0.042188 0.111111
0 0.641927 0.692593 0.033854 0.085185
0 0.691406 0.534259 0.055729 0.116667
0 0.782552 0.525463 0.042188 0.087963
0 0.903385 0.557407 0.090104 0.129630
0 0.722135 0.562963 0.040104 0.044444