0 0.067708 0.324074 0.135416 0.151852
0 0.851823 0.241667 0.022396 0.105556
0 0.456771 0.225000 0.032292 0.061111
0 0.504167 0.192130 0.029167 0.073148
0 0.675521 0.181019 0.032292 0.065741
0 0.768750 0.143519 0.022917 0.042593
0 0.190625 0.463889 0.125000 0.127778
0 0.077083 0.509259 0.104167 0.218519
0 0.276302 0.562963 0.119271 0.277778
0 0.183594 0.647685 0.106771 0.254630
0 0.100000 0.734259 0.200000 0.390741
0 0.613021 0.681481 0.021875 0.092593
0 0.518750 0.725926 0.022917 0.096296
0 0.541146 0.722222 0.026042 0.081481