0 0.315104 0.143056 0.067708 0.093519
0 0.220052 0.177778 0.063021 0.251852
0 0.446354 0.015741 0.015625 0.031481
0 0.085938 0.011111 0.059375 0.022222
0 0.922135 0.292593 0.019271 0.077778
0 0.874740 0.294907 0.018229 0.075000
0 0.225000 0.762963 0.137500 0.277778
0 0.533854 0.628704 0.090625 0.198148
0 0.437760 0.678241 0.104688 0.282407
0 0.534375 0.847222 0.089583 0.253704
0 0.457292 0.869444 0.206250 0.261111
0 0.141667 0.886111 0.283333 0.227778
0 0.709375 0.928704 0.079167 0.142592
0 0.801562 0.921296 0.126042 0.157407